3.000000000000000062e-03
2.000000000000000111e-01
3.970000000000000195e-01
5.949999999999999734e-01
7.920000000000000373e-01
9.889999999999999902e-01
1.185999999999999943e+00
1.383000000000000007e+00
1.580000000000000071e+00
1.776999999999999913e+00
1.975000000000000089e+00
2.172000000000000153e+00
2.369000000000000217e+00
2.567000000000000171e+00
2.763999999999999790e+00
2.960999999999999854e+00
3.157999999999999918e+00
3.354999999999999982e+00
3.552999999999999936e+00
3.749000000000000110e+00
3.946000000000000174e+00
4.144000000000000128e+00
4.341000000000000192e+00
4.538999999999999702e+00
4.735999999999999766e+00
4.932999999999999829e+00
5.032000000000000028e+00
